58115334145171
692 2232145222
772 5641111 71
812 3531244132
661 4511216102
521 4431113 61
591 4523113 51
541 5441119 71
441 2311253112
661 1234113 91
611 9212234112
571 7642121 91
571 6114418 51
60110213122 91
351 4113110 41
481 74111 8 51
501 4641232141
491 33121 9 51
451 4412110 41
392 0735343122
802 3532213143
772 15322 8131
552 0611349152
171 1613315 81
701 0432145152
551 24321 7 81
651 3511126141
68111233237112
681 3235117121
531 5312113 11
461 4331110 41
431 1515153182
671 3313110 81
451 4214114 11
642 86221 7 51
721 43321 8 71
571 4432114 61
651 7632137121
571 1532110 61
86110131119 82
37110641131101
671 8632110 51
731 1631143 72
711 4432110 51
72119631128141
291 2613412 33
261 4313112 21
611 7223124111
691 4133110 71
511 63131 8 51
512 5612111111
772 25312 7 83
62113631129171
661 0435235162
802 3632215 91
711 3335145152
541 3423110 31
601 6531110 61
592 0615156232
671 3433113 71
701 65351 7 71
701 2635114102
572 8452212 51
602 4642114 43
622 2631230123
581 1315138 92
702 16522 8 91
171 32133 9111
571 3522111 51
462 6612126112
571 0755129122
721 3512110 51
762 5431217121
692 4552211 61
542 2421247102
601 3222128102
751 5531126 81
581 2522110111
412 2512113111
58112412113 71
661 2512110 31
671 5531113101
652 4632122 91
742 7532138143
671 8532120 73
681 5233112101
271 1523332122
242 2612121111
40110312114 41
69112632120131
291 2412110 41
641 2632110 71
531 5213111 61
552 2512113 41
871 24322 9101
581 7532123141
671 5531113101
741 8631143182
571 6512115 51
701 1233110 81
441 4511111 31
731 1535139 62
521 3512132221
791 2433115141
612 3612113111
62152521134141
712 3632311 91
811 15321 8121
601 9412126 91
311 6542114 51
531 4612111 63
601 16121    1
691 4133114111
601 5532119 41
331 6512118 11
501 3522448202
762 34321 9111
501 5213114 41
702 3632116121
661 4432132131
411 6213139 51
44118512120 82
52126213111101
222 2523331132
50116532122121
711 0233140102
631 4515316133
431 4213116 51
54124612131 41
612 0612113111
561 4114113 21
581 4413113 71
651 0735130282
842 16312 8121
741 02321 3 71
291 2413110 31
671 0432110102
541 4652124112
641 4521114 71
651 6431114 21
471 5412115 51
81111334114 92
611 1735132132
472 3651317 81
662 7631113 41
671 6532110 41
611 5452110 33
531 0511113 21
611 5242118 81
511 3144127142
611 4334110111
421 7612111 71
782 0651232152
491 6543122101
52119622141132
791 1532212131
601 6242121101
19113513330132
582 4632114 61
731 0335131132
591 7631148201
652 5631111 81
731 4631417103
682 0631232172
501 6212119 21
65126532126162
621 5333115 91
662 2532114 62
751 4532114 81
591 5612119121
152 14133 9 91
571 4432122 41
811 4531113123
741 7631134101
491 6512114 61
471 8512140101
822 1531237 92
491 2311111101
682 7532217 71
812 4531219 91
162 2553321141
601 4234115 53
331 4512112 31
571 5531114111
702 6532133162
541 6633115 51
471 5313315 51
731 7432215131
551 7424119 71
621 5214119 71
691 5332114 51
521 0114142162
621 4432113103
731 2632111101
431 7214115 21
751 2531114 82
751 4533114 61
212 2642321 73
641 0755438152
581 46112 6 23
              
571 24221 5 31
742 5432253122
551 34111 5 33
812 3431216 71
701 1755131232
751 1532123131
772 3551219142
23277543358201
612 2652129 91
652 7452210101
841 54321 9 81
76217632335131
49215212416 51
632 2521135102
581 44321 7 81
641 33121 4 21
682 2532236242
73219531217141
601 1542129 82
752 9631110111
671 3432125111
771 5631112122
592 3431127132
351 3224336132
421 64131 8 31
571 55311 8 43
772 5631212101
752 3332214173
592 66221 8101
282 4512120111
69113532121132
711 75321 9 41
641 33231 7 81
701 24321 8 92
531 2622114 61
521 44121 8 71
732 1632118112
741 26321 8 63
591 8113137141
471 6442129111
771 2332125141
521 45323 8 23
802 5532112111
671 5631111 71
621 34311 8 71
631 1422114 71
601 6331146251
851 3431223 71
632 6711112 81
77110431123111
202 3323320 51
652 8632126 93
582 25121 9 41
482 1352111 31
712 46321 8 91
411 43121 9 01
661 34321 9 42
752 9333227103
702 1532111 71
681 4432127151
741 5435117 91
341 5422124 51
702 5453214 51
641 96223 9111
611 9431135171
302 2342116 51
701 2535141212
80214431231192
371 34121 8 53
621 4412112 53
76215431239153
761 3233119101
552 9512438151
781 3533212112
742 4631120121
781 3233118 71
611 0521124142
532 4213125 51
462 7412125211
331 1755117 51
281 3113330121
732 3531122121
581 9432116 71
302 3413117 71
752 6631117 31
742 0631129102
671 1232119 31
461 64123 8 13
551 6312130 51
631 2432349122
441 1522117 43
461 4412122 91
70227134243161
30126412117 81
852 3631222202
661 3133121151
721 1532150272
801 1755432 72
701 26321 7 53
591 8532128 91
581 5433114 83
641 1513146182
791  532136132
50112413135 81
491 7532130153
151 5612334121
271 5512327113
351 7412121 21
561 7412124103
531 8612117 91
551 7343124121
631 26331 9 61
631 4432114 51
221 6443133241
511 5214112 33
552 1755125101
722 14321 7 33
422 8612132 71
641 3512115 63
552 8631232171
69113232123 61
501 3512128 93
751 4433113 91
751 2232216 81
691 2433120132
73113531113 62
481 36131 9 71
821 1632211111
661 4132110 31
58172124133122
692 46312 9 41
60212622413 31
582 6632122101
441 4514118 41
591 8332110 91
541 45141 9 61
681 8232127111
721 96311 9 61
591 6332121 61
771 6631111 71
621 2631145152
641 6632412 71
631 5432112 71
631 7431111113
621 2631222152
              
762 4422110101
511 3311111 41
67111233135133
762 4631126121
641 3532111 21
591 3631121141
58113512133173
651 4632115 81
771 4532110 81
612 4642118 51
702 26312 8 51
501 7442438 93
622 3512139242
601 8432124111
281 2443111 41
641 7631113 61
761 5631217 61
631 6343319112
681 4331114 91
511 5333115 32
611 66321 8 61
792 4532214101
652 3632314 61
591 2622121 81
541 2612118 71
45111412326123
671 3632115102
54110323142102
551 4412117 71
821 1532112122
66114632129 82
851 3632113 51
521 2621121111
782 12332 9 51
751 3432112 61
632 1232244232
351 4213110 31
811 1631115122
601 4512114121
692 2631110 71
532 8632134142
471 4513110 21
641 26321 8103
371 2533121131
631 3532113 93
582 15321 7 51
722 2532314142
681 8332113 91
451 3214110 41
71111632122112
56111133112 61
661 2531113 51
721 2532119151
711 42331 5 91
811 6631226151
822 1632317112
571 6512120 91
591 15121 8 61
571 1413110 41
662 3432219131
631 5512113 61
611 55411 5 71
591 8511150162
762 1411250242
731  332111 31
54210452141152
562 1412113 61
42120312148 92
742 8432132172
621 36321 9 51
511 31132 9 41
321 07543  242
52115452324121
672 04321  262
20210214333 41
681 9432122112
141 1413310 21
591 6112112 61
611 9414115 61
54130411143 51
581 5324112 81
69115532131122
611 9354135161
751 5433115 61
58112432124101
702 6611225102
832 4651233162
571 6323125122
161 2614316 51
771 53321 5 51
  1 54451 6 51
631 4322110 71
771 1132130252
791 44321 9182
812 16323  152
261 3642321101
742 9631225122
44115722114111
581 63121 9 81
381 44121 9 31
671 7432132 81
801 64311 6 71
601134111 7 92
741 6431126142
712 3432226122
802 1631230202
441 2312112 31
611 2431121142
612 7412117101
742 2431121 91
601 6432115 81
662 1332212 71
671 8431119171
821 2531120142
501 6412117 91
681 7333116 51
74213531216121
54114522113 91
67111333114 61
791 6431113101
63222752134102
65118532331102
58111455113 61
702 5631213 61
592 1413132152
72114631241192
791  433229182
231 3653330201
721  632123 81
711 6234120111
341 5314127 31
531 7532117 71
73111632341152
682 26512    2
381  412133 41
171  613342 91
301 1413119 71
682 6632112 61
721 76313 7 33
222 4755110 71
621 34321 8 61
641 2755142222
541 1612131 73
611 1152111 51
461  412112 31
631 5622117 81
632 46522 9 63
74118433122172
841 16312    1
511 41151    1
381 5412115 51
521 6313114 83
571 34121 9 41
35110512421 61
681 8431111 71
742 4631321151
481 3433122152
21112642129 41
482 6213124 81
521 4211313 91
221 6313329 91
682 5433125171
74212532124152
67222631132212
731 9632128162
602 3332113111
541 2631110 63
731 3334115111
591 3552122181
811 2631129162
601 6422112 71
742 3631115121
511 6612111101
812 5631215122
501 1612117 92
581 5434117 73
641 9432217 71
202 1612313 41
761 3531117 91
701 3233111 91
261 4214126153
621  632125141
561 4432118 73
382  224116 71
381 2512112 63
50110442120122
521 1612110 63
662 2532128212
74215631224101
581 4621114 81
781 3632218142
642 2522118161
721 3632127141
441 6113117 43
411 4213112 43
481 44423 9 23
742 3631214 63
761 2233214 91
661 5332110 83
321 3214329 93
792 3432319102
781 8432131202
921 4531113112
812 3632232232
452 3412116113
371 2512113 83
801 2432234123
711 1431110 81
591 5532114 91
431 4522111 51
641 42321 9 42
74235332122121
75221432216 72
702 35312 9 71
282 4512119111
802  632212141
561 3631110 61
862 3632213101
731 2432114 71
251 9413141101
762 1631114 92
772 2631215111
521 2213114 51
531 5413138151
521 8522113 51
471  415131131
571 1412114 71
801 2132222171
702 6431217101
801 1531124101
621 2432126 51
811 6333113 81
741 6432128 81
28119315123131
531 34522 8 81
642 54332 9 71
691 2632132 93
701 6631112131
182 3413319 81
711 25324 5 51
56110114141142
591 5114112 51
501 2233113 41
751  532236152
761 1432117111
582 1632327162
641 4533110 71
771 7632122141
782 02332    2
64113432117 51
56111412118 81
57220631135181
701 4631110 81
59110622130112
591 5313110 73
541 3531110 71
811 1632341182
66210632129 83
472 4512122161
621 6333115 91
611 6532113 71
502 3412114 71
432 1652430  3
571 4512110 61
66128532330132
341 4412121 91
542 4322117101
632 5632214 71
65136532130112
551 4342128122
561 0512116102
701 3631110 63
701 5631113 61
701 4532111 61
671 5412212 71
492 1233116 53
702 46323 7 93
761 4531211 51
672 5432117 71
722 3633211 73
552 2512118 51
571 4642113 31
781 5532120 91
631 6633116 61
542 4513122 53
451 6512113 91
781 2231111 71
601 6513111 61
56214613132151
442 7611117 11
671 1631112 91
502 44121 9 31
601 26321 7 22
601 15331    2
441 4213112 51
631 3533112 51
771 5432212 81
761 4631230141
521 4612112 22
561 5611212 63
421 5214122 61
601 4235112 93
731 9531130 81
69220631224183
67110432115 63
62118532122101
601 0233136102
561 3531112 63
511 7532129131
182 1254344152
171 1413312121
641 4332112113
721 1432112 61
782 6631216111
792 5631210101
591 1612139 62
642 7632142132
642 2532117112
622 5643220 81
692 1631416 82
66218532136132
601 2642110 81
581 9631117 71
631 45121    3
822 2632118 82
562 5413123101
712 3633325 93
732 4532221 91
421 2423111 71
872 1631111 71
491 4512110 81
441 23131 7 41
661 6631222201
691 2753320102
721 34321 7 51
661 0432140242
862 2431211 91
742 2432213 91
361 9543115 51
621 32221 8 71
661 4631113 41
481 34431 7 11
581 3333118 83
791 6532124192
741 8531126193
371 5413112 41
732 8631211 51
691 3432112 81
621 6234126 51
621 6233114 51
822 9631234192
231 34133 8 41
742 5532115 83
441 4512112 13
421 3413116 11
171105133 9 42
591 5321112 61
561 4343114 61
791 0732146122
381 44121 9 31
821 1433115 82
541 6622119113
842 4631227 52
601 1113115 61
791 7432112 81
671 5632113 43
631 1342113 81
621122141 9 81
56110512112 43
77211532215 81
701 8432125 81
631 3632112 61
502 25311 8 53
611 0432142 72
851 5631221201
662 2531110103
471 7412112 71
641 7533134 53
471 5314110 51
66211512138103
662 4642113 61
701 7631114131
701 4312111 61
232 2572121113
781 34322 7 71
591 4612113 43
481 1313115 61
591 5631128181
49113422143112
651 6432112 61
362 1512140172
641  321213 71
701  331213 81
27155643357 41
811  431115 61
802  631234242
232 3611118 33
631 1433113 31
751 2433120101
701 4431222 41
691 14312  122
702 3333111 71
732 5651239122
681 5334110 61
632 3354216 81
821  431217162
551  414113 41
411 7414111 43
581  453113 41
631  413116 61
741  433129151
701  432255172
761  532115 71
541  423127191
611  433113 71
661 7413130121
791  432215 61
781  4312  151
691 5452113 61
731  454113 71
441  653125102
801  4311  172
64212432219 61
63110422119 61
732  114129122
64212432125173
691 17351   92
661 4532117 93
622 6312123121
611 5154119 81
751  4321  102
562 6412110 61
42131413350152
721 1431116111
781 2755446142
661 2133117191
771 7433224151
681 3134118141
841 5332216112
531 1411118 71
652 5432221121
661 4233111 51
561 6133131111
601 5631326 71
581 5532133152
682 1531216111
721 6531112 91
701 15351  122
741 2532110 81
61128522125 91
671 2432110 91
551 2615319 91
57111432143162
451 4532124 73
771 3635124191
70111233114 51
541 6312114 51
281 7513335161
591 1233114 81
471 5213116 41
181 3641318 43
47116212150131
571 6433114 51
692 9452235161
572 5432113 91
181 3313334121
481 4213113 71
561 4212112 71
471 1512112 61
681 6434127102
59112642113 91
57110333113 71
511 5512310 51
341 4452110 43
601 5531117 61
561 3332313 91
571 5422117 41
50131422126191
15118413326 61
671 2731147212
54111512131161
48116534433161
491 4433113 71
561 2412114 71
661  533238182
701 3532115111
682 9432124131
281 6324325201
42217312135121
761 1531138202
772 2432223151
482 3412111 73
521 5412118 71
701 3532112 51
60224532130101
17110743345241
761 3531121 91
271 5423122141
732 6531125181
441 0713144 72
